
X,Numerical t = 4.95,Analytical t = 4.95,Numerical t = 9.9,Analytical t = 9.9,
-50,1,0,1,0,
-49.75,1,0,1,0,
-49.5,1,0,1,0,
-49.25,1,0,1,0,
-49,1,0,1,0,
-48.75,1,0,1,0,
-48.5,1,0,1,0,
-48.25,1,0,1,0,
-48,1,0,1,0,
-47.75,1,0,1,0,
-47.5,1,0,1,0,
-47.25,1,0,1,0,
-47,1,0,1,0,
-46.75,1,0,1,0,
-46.5,1,0,1,0,
-46.25,1,0,1,0,
-46,1,0,1,0,
-45.75,0,0,1,0,
-45.5,3.06191e-182,0,1,0,
-45.25,5.35896e-181,0,1,0,
-45,9.36975e-180,0,1,0,
-44.75,1.63655e-178,0,1,0,
-44.5,2.85549e-177,0,1,0,
-44.25,4.97711e-176,0,1,0,
-44,8.66587e-175,0,1,0,
-43.75,1.50724e-173,0,1,0,
-43.5,2.61866e-172,0,1,0,
-43.25,4.54464e-171,0,1,0,
-43,7.87839e-170,0,1,0,
-42.75,1.36423e-168,0,1,0,
-42.5,2.35962e-167,0,1,0,
-42.25,4.0766e-166,0,1,0,
-42,7.03475e-165,0,1,0,
-41.75,1.21251e-163,0,1,0,
-41.5,2.0874e-162,0,1,0,
-41.25,3.58924e-161,0,4.76446e-143,0,
-41,6.16405e-160,0,6.93591e-142,0,
-40.75,1.05729e-158,0,1.00762e-140,0,
-40.5,1.81124e-157,0,1.46076e-139,0,
-40.25,3.0989e-156,0,2.11321e-138,0,
-40,5.2952e-155,0,3.05053e-137,0,
-39.75,9.03632e-154,0,4.3941e-136,0,
-39.5,1.54003e-152,0,6.31556e-135,0,
-39.25,2.62111e-151,0,9.05714e-134,0,
-39,4.45509e-150,0,1.29597e-132,0,
-38.75,7.56193e-149,0,1.85018e-131,0,
-38.5,1.28176e-147,0,2.63533e-130,0,
-38.25,2.16955e-146,0,3.74496e-129,0,
-38,3.66703e-145,0,5.30928e-128,0,
-37.75,6.18917e-144,0,7.50913e-127,0,
-37.5,1.04308e-142,0,1.05949e-125,0,
-37.25,1.75532e-141,0,1.49122e-124,0,
-37,2.94946e-140,0,2.09369e-123,0,
-36.75,4.94844e-139,0,2.93222e-122,0,
-36.5,8.28942e-138,0,4.09619e-121,0,
-36.25,1.38643e-136,0,5.70752e-120,0,
-36,2.31519e-135,0,7.93204e-119,0,
-35.75,3.85987e-134,0,1.09946e-117,0,
-35.5,6.42468e-133,0,1.51989e-116,0,
-35.25,1.0676e-131,0,2.09543e-115,0,
-35,1.77109e-130,0,2.881e-114,0,
-34.75,2.93312e-129,0,3.95009e-113,0,
-34.5,4.84918e-128,0,5.40069e-112,0,
-34.25,8.00285e-127,0,7.36297e-111,0,
-34,1.3184e-125,0,1.00093e-109,0,
-33.75,2.16804e-124,0,1.35668e-108,0,
-33.5,3.55867e-123,0,1.83343e-107,0,
-33.25,5.83044e-122,0,2.47026e-106,0,
-33,9.5344e-121,0,3.31815e-105,0,
-32.75,1.55615e-119,0,4.44328e-104,0,
-32.5,2.53491e-118,0,5.93127e-103,0,
-32.25,4.1211e-117,0,7.89238e-102,0,
-32,6.68638e-116,0,1.0468e-100,0,
-31.75,1.08263e-114,0,1.38388e-99,0,
-31.5,1.74932e-113,0,1.82343e-98,0,
-31.25,2.82059e-112,0,2.39449e-97,0,
-31,4.53817e-111,0,3.13364e-96,0,
-30.75,7.28574e-110,0,4.08673e-95,0,
-30.5,1.16709e-108,0,5.31092e-94,0,
-30.25,1.86534e-107,0,6.87715e-93,0,
-30,2.97451e-106,0,8.87293e-92,0,
-29.75,4.73217e-105,0,1.14057e-90,0,
-29.5,7.51062e-104,0,1.46065e-89,0,
-29.25,1.18917e-102,0,1.86345e-88,0,
-29,1.87823e-101,0,2.36815e-87,0,
-28.75,2.95915e-100,0,2.99772e-86,0,
-28.5,4.65031e-99,0,3.77954e-85,0,
-28.25,7.28909e-98,0,4.74595e-84,0,
-28,1.13952e-96,0,5.93492e-83,0,
-27.75,1.77666e-95,0,7.39069e-82,0,
-27.5,2.76249e-94,0,9.16437e-81,0,
-27.25,4.2834e-93,0,1.13145e-79,0,
-27,6.62287e-92,0,1.39077e-78,0,
-26.75,1.02105e-90,0,1.70187e-77,0,
-26.5,1.56954e-89,0,2.07307e-76,0,
-26.25,2.40543e-88,0,2.51354e-75,0,
-26,3.67522e-87,0,3.03324e-74,0,
-25.75,5.59783e-86,0,3.64282e-73,0,
-25.5,8.49911e-85,0,4.35355e-72,0,
-25.25,1.28623e-83,0,5.17707e-71,0,
-25,1.94009e-82,0,6.1252e-70,0,
-24.75,2.91647e-81,0,7.20961e-69,0,
-24.5,4.36911e-80,0,8.44143e-68,0,
-24.25,6.52227e-79,0,9.83083e-67,0,
-24,9.70154e-78,0,1.13865e-65,0,
-23.75,1.43776e-76,0,1.3115e-64,0,
-23.5,2.12275e-75,0,1.50204e-63,0,
-23.25,3.12208e-74,0,1.71033e-62,0,
-23,4.57387e-73,0,1.93602e-61,0,
-22.75,6.67392e-72,0,2.17832e-60,0,
-22.5,9.69828e-71,0,2.43593e-59,0,
-22.25,1.40341e-69,0,2.70696e-58,0,
-22,2.02212e-68,0,2.98894e-57,0,
-21.75,2.90081e-67,0,3.27878e-56,0,
-21.5,4.14261e-66,0,3.57278e-55,0,
-21.25,5.88879e-65,0,3.86666e-54,0,
-21,8.33152e-64,0,4.15565e-53,0,
-20.75,1.17306e-62,0,4.43453e-52,0,
-20.5,1.64345e-61,0,4.69777e-51,0,
-20.25,2.29077e-60,0,4.93971e-50,0,
-20,3.17642e-59,0,5.15469e-49,0,
-19.75,4.38093e-58,0,5.33726e-48,0,
-19.5,6.00902e-57,0,5.48238e-47,0,
-19.25,8.19572e-56,0,5.58564e-46,0,
-19,1.11134e-54,0,5.64344e-45,0,
-18.75,1.49802e-53,0,5.65319e-44,0,
-18.5,2.00689e-52,0,5.61345e-43,0,
-18.25,2.67171e-51,0,5.52405e-42,0,
-18,3.53375e-50,0,5.38614e-41,0,
-17.75,4.64279e-49,0,5.20217e-40,0,
-17.5,6.05806e-48,0,4.97591e-39,0,
-17.25,7.84889e-47,0,4.71226e-38,0,
-17,1.0095e-45,0,4.41709e-37,0,
-16.75,1.28865e-44,0,4.09707e-36,0,
-16.5,1.63223e-43,0,3.75935e-35,0,
-16.25,2.05089e-42,0,3.4113e-34,0,
-16,2.55564e-41,0,3.06026e-33,0,
-15.75,3.15742e-40,0,2.7132e-32,0,
-15.5,3.86647e-39,0,2.3765e-31,0,
-15.25,4.69151e-38,0,2.05574e-30,0,
-15,5.63878e-37,0,1.75551e-29,0,
-14.75,6.71092e-36,0,1.47935e-28,0,
-14.5,7.90582e-35,0,1.22966e-27,0,
-14.25,9.21536e-34,0,1.00774e-26,0,
-14,1.06244e-32,0,8.13888e-26,0,
-13.75,1.21096e-31,0,6.47461e-25,0,
-13.5,1.36395e-30,0,5.07073e-24,0,
-13.25,1.51738e-29,0,3.90746e-23,0,
-13,1.66645e-28,0,2.96096e-22,0,
-12.75,1.80574e-27,0,2.20505e-21,0,
-12.5,1.92942e-26,0,1.61275e-20,0,
-12.25,2.03159e-25,0,1.15764e-19,0,
-12,2.10662e-24,0,8.14936e-19,0,
-11.75,2.14963e-23,0,5.62174e-18,0,
-11.5,2.15692e-22,0,3.79711e-17,0,
-11.25,2.12632e-21,0,2.50888e-16,0,
-11,2.05759e-20,0,1.62008e-15,0,
-10.75,1.95253e-19,0,1.02135e-14,0,
-10.5,1.81503e-18,0,6.27931e-14,0,
-10.25,1.65088e-17,0,3.76042e-13,0,
-10,1.46739e-16,0,2.19073e-12,0,
-9.75,1.27285e-15,0,1.23983e-11,0,
-9.5,1.07585e-14,0,6.80623e-11,0,
-9.25,8.84598e-14,0,3.61831e-10,0,
-9,7.06259e-13,0,1.85944e-09,0,
-8.75,5.46408e-12,0,9.21907e-09,0,
-8.5,4.08713e-11,0,4.40032e-08,0,
-8.25,2.94823e-10,0,2.01717e-07,0,
-8,2.04503e-09,0,8.8578e-07,0,
-7.75,1.35964e-08,0,3.71504e-06,0,
-7.5,8.63231e-08,0,1.48336e-05,0,
-7.25,5.21153e-07,0,5.61805e-05,0,
-7,2.97719e-06,0,0.000201003,0,
-6.75,1.60016e-05,0,0.0006762,0,
-6.5,8.03727e-05,0,0.00212771,0,
-6.25,0.000374241,0,0.00622442,0,
-6,0.00159989,0,0.0168128,0,
-5.75,0.00620573,0,0.0416026,0,
-5.5,0.0215238,0,0.0934665,0,
-5.25,0.0655431,0,0.188767,0,
-5,0.171244,0,0.339099,0,
-4.75,0.373038,0,0.53641,0,
-4.5,0.655548,0,0.7423,0,
-4.25,0.904823,0,0.90126,0,
-4,1,0,0.980977,0,
-3.75,1,0,1,0,
-3.5,1,0,1,0,
-3.25,1,0,1,0,
-3,1,0,1,0,
-2.75,1,0,1,0,
-2.5,1,0,1,0,
-2.25,1,0,1,0,
-2,1,0,1,0,
-1.75,1,0,1,0,
-1.5,1,0,1,0,
-1.25,1,0,1,0,
-1,1,0,1,0,
-0.75,1,0,1,0,
-0.5,1,0,1,0,
-0.25,1,0,1,0,
0,1,0,1,0,
0.25,1,0,1,0,
0.5,1,0,1,0,
0.75,1,0,1,0,
1,1,0,1,0,
1.25,1,0,1,0,
1.5,1,0,1,0,
1.75,1,0,1,0,
2,1,0,1,0,
2.25,1,0,1,0,
2.5,1,0,1,0,
2.75,1,0,1,0,
3,1,0,1,0,
3.25,1,0,1,0,
3.5,1,0,1,0,
3.75,1,0,1,0,
4,1,0,1,0,
4.25,1,0,1,0,
4.5,1,0,1,0,
4.75,1,0,1,0,
5,1,0,1,0,
5.25,1,0,1,0,
5.5,1,0,1,0,
5.75,1,0,1,0,
6,1,0,1,0,
6.25,1,0,1,0,
6.5,1,0,1,0,
6.75,1,0,1,0,
7,1,0,1,0,
7.25,1,0,1,0,
7.5,1,0,1,0,
7.75,1,0,1,0,
8,1,0,1,0,
8.25,1,0,1,0,
8.5,1,0,1,0,
8.75,1,1,1,0,
9,1,1,1,0,
9.25,1,1,1,0,
9.5,1,1,1,0,
9.75,1,1,1,0,
10,1,1,1,0,
10.25,1,1,1,0,
10.5,1,1,1,0,
10.75,1,1,1,0,
11,1,1,1,0,
11.25,1,1,1,0,
11.5,1,1,1,0,
11.75,1,1,1,0,
12,1,1,1,0,
12.25,1,1,1,0,
12.5,1,1,1,0,
12.75,1,1,1,0,
13,1,1,1,0,
13.25,1,1,1,0,
13.5,1,1,1,0,
13.75,1,1,1,0,
14,1,1,1,0,
14.25,1,1,1,0,
14.5,1,1,1,0,
14.75,1,1,1,0,
15,1,1,1,0,
15.25,1,1,1,0,
15.5,1,1,1,0,
15.75,1,1,1,0,
16,1,1,1,0,
16.25,1,1,1,0,
16.5,1,1,1,0,
16.75,1,1,1,0,
17,1,1,1,0,
17.25,1,1,1,0,
17.5,1,1,1,1,
17.75,1,1,1,1,
18,1,1,1,1,
18.25,1,1,1,1,
18.5,1,1,1,1,
18.75,1,1,1,1,
19,1,1,1,1,
19.25,1,1,1,1,
19.5,1,1,1,1,
19.75,1,1,1,1,
20,1,1,1,1,
20.25,1,1,1,1,
20.5,1,1,1,1,
20.75,1,1,1,1,
21,1,1,1,1,
21.25,1,1,1,1,
21.5,1,1,1,1,
21.75,1,1,1,1,
22,1,1,1,1,
22.25,1,1,1,1,
22.5,1,1,1,1,
22.75,1,1,1,1,
23,1,1,1,1,
23.25,1,1,1,1,
23.5,1,1,1,1,
23.75,1,1,1,1,
24,1,1,1,1,
24.25,1,1,1,1,
24.5,1,1,1,1,
24.75,1,1,1,1,
25,1,1,1,1,
25.25,1,1,1,1,
25.5,1,1,1,1,
25.75,1,1,1,1,
26,1,1,1,1,
26.25,1,1,1,1,
26.5,1,1,1,1,
26.75,1,1,1,1,
27,1,1,1,1,
27.25,1,1,1,1,
27.5,1,1,1,1,
27.75,1,1,1,1,
28,1,1,1,1,
28.25,1,1,1,1,
28.5,1,1,1,1,
28.75,1,1,1,1,
29,1,1,1,1,
29.25,1,1,1,1,
29.5,1,1,1,1,
29.75,1,1,1,1,
30,1,1,1,1,
30.25,1,1,1,1,
30.5,1,1,1,1,
30.75,1,1,1,1,
31,1,1,1,1,
31.25,1,1,1,1,
31.5,1,1,1,1,
31.75,1,1,1,1,
32,1,1,1,1,
32.25,1,1,1,1,
32.5,1,1,1,1,
32.75,1,1,1,1,
33,1,1,1,1,
33.25,1,1,1,1,
33.5,1,1,1,1,
33.75,1,1,1,1,
34,1,1,1,1,
34.25,1,1,1,1,
34.5,1,1,1,1,
34.75,1,1,1,1,
35,1,1,1,1,
35.25,1,1,1,1,
35.5,1,1,1,1,
35.75,1,1,1,1,
36,1,1,1,1,
36.25,1,1,1,1,
36.5,1,1,1,1,
36.75,1,1,1,1,
37,1,1,1,1,
37.25,1,1,1,1,
37.5,1,1,1,1,
37.75,1,1,1,1,
38,1,1,1,1,
38.25,1,1,1,1,
38.5,1,1,1,1,
38.75,1,1,1,1,
39,1,1,1,1,
39.25,1,1,1,1,
39.5,1,1,1,1,
39.75,1,1,1,1,
40,1,1,1,1,
40.25,1,1,1,1,
40.5,1,1,1,1,
40.75,1,1,1,1,
41,1,1,1,1,
41.25,1,1,1,1,
41.5,1,1,1,1,
41.75,1,1,1,1,
42,1,1,1,1,
42.25,1,1,1,1,
42.5,1,1,1,1,
42.75,1,1,1,1,
43,1,1,1,1,
43.25,1,1,1,1,
43.5,1,1,1,1,
43.75,1,1,1,1,
44,1,1,1,1,
44.25,1,1,1,1,
44.5,1,1,1,1,
44.75,1,1,1,1,
45,1,1,1,1,
45.25,1,1,1,1,
45.5,1,1,1,1,
45.75,1,1,1,1,
46,1,1,1,1,
46.25,1,1,1,1,
46.5,1,1,1,1,
46.75,1,1,1,1,
47,1,1,1,1,
47.25,1,1,1,1,
47.5,1,1,1,1,
47.75,1,1,1,1,
48,1,1,1,1,
48.25,1,1,1,1,
48.5,1,1,1,1,
48.75,1,1,1,1,
49,1,1,1,1,
49.25,1,1,1,1,
49.5,1,1,1,1,
49.75,1,1,1,1,
